500
500
23 
23
302 
2
368 
4
69 
7
339 
5
20 
22
171 
22
246 
5
275 
9
405 
3
108 
1
286 
7
128 
13
350 
8
44 
22
347 
19
362 
6
113 
21
257 
17
444 
15
320 
9
187 
23
252 
7
225 
8
32 
25
89 
5
399 
15
45 
14
66 
7
214 
10
487 
5
144 
5
277 
23
110 
4
316 
6
463 
18
13 
13
190 
11
59 
15
331 
6
92 
4
324 
24
332 
6
2 
18
244 
15
450 
3
308 
17
329 
13
361 
10
263 
17
343 
1
84 
24
138 
17
322 
7
98 
15
321 
10
90 
16
235 
16
9 
11
417 
18
327 
19
341 
23
143 
2
1 
20
29 
6
129 
10
274 
14
4 
18
40 
20
278 
18
39 
3
358 
4
460 
20
30 
18
413 
1
472 
17
407 
13
447 
5
243 
25
491 
15
380 
22
33 
25
24 
9
150 
24
285 
11
265 
7
306 
25
174 
5
406 
1
145 
13
132 
21
233 
11
294 
16
183 
24
355 
10
307 
18
217 
5
6 
18
212 
23
74 
9
423 
15
260 
23
346 
17
178 
12
409 
1
334 
3
226 
5
199 
1
86 
12
408 
11
426 
7
60 
8
480 
8
103 
24
476 
25
119 
12
364 
12
323 
7
77 
21
78 
15
213 
1
264 
5
403 
23
459 
19
378 
1
87 
14
325 
3
25 
22
484 
6
404 
11
269 
7
197 
6
249 
4
455 
3
477 
11
189 
6
151 
23
116 
7
369 
21
471 
20
28 
15
318 
13
372 
5
401 
5
351 
6
231 
3
220 
11
125 
4
470 
15
481 
6
366 
24
287 
16
425 
15
38 
3
415 
5
469 
25
70 
21
301 
7
388 
22
357 
15
230 
7
328 
24
139 
21
55 
4
65 
14
109 
12
99 
2
314 
1
118 
18
36 
24
93 
9
63 
3
397 
12
7 
7
250 
25
479 
10
126 
13
498 
18
18 
19
258 
23
196 
2
468 
5
79 
21
133 
4
467 
25
353 
21
111 
24
304 
3
68 
8
48 
1
303 
20
26 
3
474 
22
424 
13
454 
18
200 
16
359 
24
102 
10
120 
25
176 
4
46 
6
337 
25
373 
23
163 
14
363 
13
248 
19
333 
9
262 
12
64 
2
392 
23
137 
20
50 
6
81 
18
349 
25
483 
12
297 
13
420 
7
205 
12
500 
12
448 
14
100 
2
270 
6
259 
4
478 
4
382 
11
14 
5
458 
12
462 
7
104 
23
157 
21
340 
17
203 
25
428 
22
256 
9
242 
4
47 
22
261 
1
42 
13
461 
6
234 
3
237 
5
202 
1
82 
9
422 
11
247 
15
146 
13
371 
24
97 
24
130 
8
106 
2
394 
19
195 
12
121 
23
11 
23
375 
23
107 
19
172 
16
94 
3
207 
17
148 
12
238 
11
123 
21
442 
12
473 
21
240 
14
402 
9
488 
13
224 
18
374 
11
381 
12
418 
16
131 
25
398 
1
71 
20
273 
23
485 
16
135 
7
421 
21
456 
13
317 
22
140 
23
266 
1
254 
11
313 
3
445 
7
310 
14
219 
2
419 
13
91 
1
161 
23
464 
18
41 
10
85 
3
376 
6
412 
11
370 
13
439 
16
52 
21
67 
21
232 
19
112 
8
414 
12
384 
9
75 
16
486 
20
293 
6
345 
14
354 
12
3 
25
186 
3
76 
12
281 
4
489 
4
194 
24
216 
10
255 
15
37 
3
136 
9
31 
23
53 
2
17 
6
385 
25
165 
8
162 
21
251 
13
229 
1
239 
3
367 
25
218 
24
209 
1
393 
14
27 
6
227 
20
208 
13
267 
20
168 
3
152 
1
279 
16
387 
13
43 
2
386 
3
88 
18
276 
21
15 
4
300 
21
73 
8
164 
4
181 
7
96 
18
490 
19
105 
20
391 
7
305 
20
72 
25
416 
18
410 
14
365 
17
122 
20
360 
1
446 
8
147 
6
451 
7
430 
1
215 
24
117 
3
496 
6
289 
21
436 
21
453 
25
315 
22
12 
13
19 
11
193 
4
34 
18
396 
20
141 
21
389 
17
390 
20
494 
17
153 
1
336 
1
335 
21
154 
17
170 
4
280 
16
440 
19
49 
20
62 
22
443 
14
167 
2
411 
14
319 
1
400 
24
8 
15
475 
18
438 
9
330 
2
95 
6
179 
2
101 
8
177 
23
211 
25
299 
9
290 
11
253 
19
134 
22
166 
2
201 
22
338 
20
160 
18
326 
20
296 
8
431 
10
268 
11
54 
21
482 
17
432 
21
435 
24
441 
19
434 
4
449 
8
192 
3
383 
1
35 
5
221 
19
377 
12
159 
10
236 
1
427 
16
51 
2
16 
13
114 
10
175 
19
10 
6
291 
17
182 
24
115 
12
271 
6
298 
25
282 
24
499 
17
222 
23
312 
25
497 
25
124 
7
284 
14
223 
17
56 
22
206 
11
22 
1
188 
17
492 
24
309 
16
80 
22
5 
12
142 
4
283 
21
210 
3
184 
9
344 
2
342 
5
292 
17
493 
13
228 
19
185 
17
395 
21
173 
21
198 
25
149 
6
311 
18
241 
12
158 
6
495 
10
58 
4
180 
22
127 
9
191 
4
352 
6
429 
6
356 
14
379 
9
169 
3
452 
23
348 
19
272 
2
433 
14
83 
3
204 
6
466 
9
465 
15
457 
3
245 
3
21 
22
288 
23
295 
11
437 
15
57 
13
156 
12
155 
10
61 
20